1.3862943611198906
3.1780538303479458
3.332204510175204
3.332204510175204
3.4011973816621555
3.4657359027997265
3.4965075614664802
3.4965075614664802
3.5263605246161616
3.5553480614894135
3.58351893845611
3.6109179126442243
3.6635616461296463
3.8501476017100584
3.871201010907891
3.871201010907891
3.9318256327243257
4.07753744390572
4.0943445622221
4.110873864173311
4.127134385045092
4.127134385045092
4.143134726391533
4.1588830833596715
4.1588830833596715
4.204692619390966
4.248495242049359
4.356708826689592
4.418840607796598
4.48863636973214
4.532599493153256
4.553876891600541
4.653960350157523
4.653960350157523
4.6913478822291435
4.718498871295094
4.727387818712341
4.736198448394496
4.77912349311153
4.787491742782046
4.787491742782046
4.787491742782046
4.804021044733257
4.812184355372417
4.820281565605037
4.836281906951478
4.844187086458591
4.844187086458591
4.875197323201151
4.941642422609304
4.955827057601261
4.962844630259907
5.017279836814924
5.0369526024136295
5.1298987149230735
5.241747015059643
5.241747015059643
5.262690188904886
5.318119993844216
5.3471075307174685
5.356586274672012
5.375278407684165
5.438079308923196
5.4638318050256105
5.4638318050256105
5.501258210544727
5.517452896464707
5.556828061699537
5.60947179518496
5.627621113690637
5.631211781821365
5.645446897643238
5.659482215759621
5.659482215759621
5.666426688112432
5.673323267171493
5.752572638825633
5.755742213586912
5.75890177387728
5.762051382780177
5.780743515792329
5.805134968916488
5.808142489980444
5.820082930352362
5.8664680569332965
5.993961427306569
6.073044534100405
6.246106765481563
6.267200548541362
6.483107351457199
6.634633357861686
6.710523109452428
6.769641976852503
6.804614520062624
6.855408798609928
7.004881989712859
7.029972911706386
7.720017940432244
8.275376374836407
8.983565234427923
10.982254212983532